301.41754	2.61555	0.38666
303.01373	2.61006	0.3863
304.61	2.60483	0.38591
306.20624	2.59983	0.38549
307.80255	2.59505	0.38504
309.39886	2.59048	0.38456
310.99524	2.58612	0.38406
312.5916	2.58195	0.38354
314.18805	2.57796	0.38299
315.7845	2.57415	0.38243
317.38095	2.5705	0.38184
318.97748	2.56701	0.38123
320.57397	2.56368	0.38061
322.17053	2.56049	0.37997
323.76712	2.55743	0.37932
325.3637	2.55452	0.37865
326.96036	2.55173	0.37796
328.557	2.54906	0.37727
330.1537	2.54651	0.37656
331.7504	2.54407	0.37584
333.3471	2.54174	0.37511
334.94388	2.53952	0.37436
336.54065	2.5374	0.37361
338.13745	2.53537	0.37285
339.73428	2.53344	0.37208
341.33112	2.5316	0.3713
342.92798	2.52984	0.37052
344.52487	2.52817	0.36972
346.12177	2.52658	0.36892
347.71872	2.52507	0.36812
349.31567	2.52364	0.3673
350.91266	2.52228	0.36648
352.5096	2.52099	0.36566
354.10663	2.51978	0.36483
355.70367	2.51863	0.364
357.30072	2.51754	0.36316
358.89777	2.51653	0.36232
360.49484	2.51557	0.36147
362.09198	2.51467	0.36062
363.68906	2.51384	0.35977
365.2862	2.51306	0.35891
366.88336	2.51234	0.35806
368.48053	2.51167	0.35719
370.0777	2.51106	0.35633
371.6749	2.5105	0.35546
373.27213	2.50999	0.35459
374.86932	2.50954	0.35372
376.46658	2.50913	0.35285
378.06384	2.50878	0.35197
379.6611	2.50847	0.3511
381.25836	2.50821	0.35022
382.85568	2.508	0.34934
384.45297	2.50784	0.34845
386.0503	2.50772	0.34757
387.64764	2.50765	0.34669
389.24496	2.50762	0.3458
390.84235	2.50764	0.34492
392.4397	2.5077	0.34403
394.03705	2.50781	0.34314
395.63446	2.50796	0.34225
397.23184	2.50815	0.34136
398.82922	2.50839	0.34047
400.42664	2.50868	0.33957
402.02405	2.509	0.33868
403.6215	2.50938	0.33778
405.21893	2.50979	0.33689
406.81635	2.51025	0.33599
408.4138	2.51076	0.33509
410.01123	2.51131	0.33419
411.6087	2.51191	0.33329
413.2062	2.51255	0.33239
414.80365	2.51324	0.33149
416.40112	2.51398	0.33059
417.9986	2.51476	0.32968
419.5961	2.5156	0.32878
421.19354	2.51648	0.32787
422.79108	2.51742	0.32696
424.38858	2.51841	0.32605
425.98602	2.51945	0.32513
427.58356	2.52055	0.32422
429.18106	2.52171	0.3233
430.77856	2.52292	0.32238
432.37607	2.5242	0.32146
433.97357	2.52553	0.32053
435.57104	2.52694	0.3196
437.16855	2.52841	0.31867
438.76605	2.52995	0.31773
440.3636	2.53157	0.31679
441.9611	2.53326	0.31585
443.5586	2.53504	0.3149
445.1561	2.53691	0.31394
446.75357	2.53887	0.31298
448.35107	2.54092	0.31201
449.94858	2.54309	0.31103
451.54605	2.54536	0.31004
453.14355	2.54776	0.30904
454.74103	2.55029	0.30803
456.33853	2.55297	0.307
457.93597	2.55581	0.30594
459.53345	2.55883	0.30485
461.13092	2.56204	0.30373
462.72836	2.56547	0.30254
464.32584	2.56913	0.30129
465.92328	2.57306	0.29994
467.5207	2.57726	0.29846
469.1181	2.58177	0.29681
470.71558	2.5866	0.29495
472.313	2.59177	0.29281
473.9104	2.59727	0.29035
475.50775	2.6031	0.28748
477.10516	2.60924	0.28413
478.70255	2.61565	0.28021
480.2999	2.62229	0.27566
481.89728	2.62907	0.27039
483.49463	2.6359	0.26434
485.09195	2.64269	0.25745
486.6893	2.6493	0.24971
488.28662	2.6556	0.24109
489.88388	2.66146	0.2316
491.4812	2.66673	0.2213
493.07846	2.67129	0.21025
494.67572	2.67501	0.19854
496.273	2.67778	0.18628
497.8702	2.67952	0.17361
499.46744	2.68018	0.16068
501.06464	2.67973	0.14764
502.66187	2.67815	0.13466
504.25903	2.67548	0.12188
505.8562	2.67176	0.10945
507.4533	2.66708	0.09751
509.05048	2.66152	0.08617
510.6476	2.6552	0.07552
512.2447	2.64823	0.06564
513.84174	2.64073	0.05657
515.43884	2.63284	0.04834
517.0359	2.62467	0.04096
518.63293	2.61635	0.03441
520.22986	2.60796	0.02866
521.82684	2.59961	0.02367
523.4238	2.59137	0.01938
525.0208	2.58332	0.01573
526.61774	2.57549	0.01266
528.2146	2.56793	0.0101
529.8115	2.56067	0.008
531.4083	2.55372	0.00628
533.0052	2.54708	0.00489
534.602	2.54076	0.00377
536.19885	2.53475	0.00289
537.79553	2.52904	0.0022
539.39233	2.52361	0.00166
540.9891	2.51844	0.00124
542.58575	2.51353	9.22E-4
544.18243	2.50885	6.8E-4
545.77905	2.50438	4.98E-4
547.3757	2.50012	3.62E-4
548.9723	2.49603	2.61E-4
550.5689	2.49212	1.87E-4
552.1654	2.48836	1.33E-4
553.7619	2.48475	9.4E-5
555.35846	2.48126	6.6E-5
556.9549	2.4779	4.61E-5
558.55133	2.47465	3.19E-5
560.14777	2.47151	2.2E-5
561.74414	2.46847	1.51E-5
563.34045	2.46552	1.02E-5
564.9368	2.46265	6.93E-6
566.5331	2.45986	4.66E-6
568.12933	2.45715	3.12E-6
569.7256	2.45452	2.07E-6
571.3218	2.45195	1.37E-6
572.91797	2.44944	9E-7
574.5141	2.447	5.89E-7
576.1102	2.44461	3.83E-7
577.70624	2.44228	2.48E-7
579.3023	2.44	1.6E-7
580.8983	2.43777	1.02E-7
582.49426	2.4356	6.53E-8
584.0902	2.43346	4.14E-8
585.68616	2.43138	2.62E-8
587.28204	2.42933	1.65E-8
588.8778	2.42733	1.03E-8
590.47363	2.42537	6.42E-9
592.06946	2.42344	3.99E-9
593.66516	2.42155	2.46E-9
595.26086	2.4197	1.52E-9
596.8565	2.41788	9.29E-10
598.45215	2.4161	5.67E-10
600.0477	2.41434	3.45E-10
601.64325	2.41262	2.09E-10
603.2388	2.41093	1.26E-10
604.8342	2.40927	7.59E-11
606.4296	2.40763	4.55E-11
608.025	2.40603	2.72E-11
609.6204	2.40445	1.62E-11
611.2157	2.40289	9.58E-12
612.811	2.40136	5.67E-12
614.4062	2.39986	3.34E-12
616.0014	2.39838	1.96E-12
617.59656	2.39692	1.15E-12
619.19165	2.39549	6.7E-13
620.78674	2.39408	3.9E-13
622.3817	2.39268	2.26E-13
623.9767	2.39131	1.31E-13
625.57166	2.38996	7.54E-14
627.16656	2.38863	4.33E-14
628.76135	2.38732	2.47E-14
630.3562	2.38603	1.4E-14
631.9509	2.38476	7.9E-15
633.54565	2.3835	4.39E-15
635.1403	2.38226	2.39E-15
636.7349	2.38104	1.24E-15
638.32947	2.37984	5.34E-16
639.924	2.37865	2.32E-16
641.5185	2.37748	1.91E-17
643.1129	2.37632	1.82E-17
644.70734	2.37518	8E-18
646.30164	2.37405	2.37E-18
647.89594	2.37294	1.63E-17
649.4902	2.37185	-6.14E-19
651.08435	2.37076	-1.7E-17
652.6785	2.36969	1.64E-17
654.2726	2.36864	1.64E-17
655.86664	2.3676	8.82E-23
657.46063	2.36657	2.2E-21
659.05457	2.36555	1.63E-17
660.6485	2.36455	-5.62E-24
662.2423	2.36356	-1.63E-17
663.83606	2.36258	2.19E-21
665.4298	2.36161	0
667.0235	2.36065	5.6E-24
668.61707	2.35971	5.47E-19
670.2107	2.35878	-1.62E-17
671.8042	2.35785	-1.62E-17
673.39764	2.35694	5.49E-19
674.9911	2.35604	2.21E-21
676.5844	2.35515	2.21E-21
678.17773	2.35427	5.63E-24
679.77094	2.3534	-1.61E-17
681.36414	2.35254	-1.19E-26
682.9573	2.35169	-5.63E-24
684.55035	2.35084	5.53E-19
686.1434	2.35001	-1.66E-17
687.73627	2.34919	5.54E-19
689.3292	2.34838	-1.6E-17
690.922	2.34757	-1.6E-17
692.5148	2.34677	5.64E-24
694.10754	2.34599	2.23E-21
695.7002	2.34521	5.65E-24
697.2928	2.34444	2.23E-21
698.8854	2.34367	-1.59E-17
700.47784	2.34292	5.59E-19
702.0702	2.34217	-3.22E-17
703.6626	2.34143	-1.13E-23
705.2549	2.3407	-1.58E-17
706.8471	2.33998	5.69E-24
708.43933	2.33926	2.24E-21
710.0314	2.33855	1.52E-17
711.6234	2.33785	-1.57E-17
713.21545	2.33716	5.61E-19
714.8073	2.33647	1.62E-17
716.39923	2.33579	-1.57E-17
717.99097	2.33512	-5.65E-19
719.5827	2.33445	1.56E-17
721.1744	2.33379	2.24E-21
722.766	2.33313	-5.66E-19
724.3575	2.33249	5.65E-19
725.9489	2.33185	2.25E-21
727.54034	2.33121	3.11E-17
729.13165	2.33058	-5.71E-24
730.7229	2.32996	5.72E-24
732.3141	2.32934	-1.55E-17
733.9052	2.32873	5.68E-19
735.4963	2.32813	2.25E-21
737.0873	2.32753	-1.54E-17
738.67816	2.32694	-2.26E-21
740.269	2.32635	-5.7E-19
741.85974	2.32577	-1.54E-17
743.4505	2.32519	-2.26E-21
745.04114	2.32462	1.53E-17
746.6317	2.32405	-1.59E-17
748.22217	2.32349	1.53E-17
749.8126	2.32294	-5.72E-19
751.40295	2.32239	2.27E-21
752.9932	2.32184	-5.78E-19
754.5834	2.3213	0
756.1735	2.32077	2.27E-21
757.76355	2.32024	-1.52E-17
759.3536	2.31971	0
760.9435	2.31919	5.76E-24
762.53326	2.31867	-1.21E-26
764.123	2.31816	0
765.7127	2.31766	-1.57E-17
767.3023	2.31715	2.28E-21
768.8918	2.31665	-1.51E-17
770.48126	2.31616	-2.28E-21
772.0706	2.31567	1.56E-17
773.6599	2.31519	-2.29E-21
775.24915	2.31471	5.77E-24
776.83826	2.31423	1.5E-17
778.4273	2.31376	-5.8E-19
780.0163	2.31329	-5.79E-24
781.60516	2.31283	-1.49E-17
783.194	2.31236	-2.29E-21
784.7828	2.31191	1.49E-17
786.3714	2.31146	-1.21E-26
787.95996	2.31101	2.3E-21
789.54846	2.31056	0
791.13684	2.31012	-5.84E-19
792.7252	2.30969	-1.48E-17
794.3135	2.30925	0
795.9016	2.30882	1.48E-17
797.4897	2.3084	1.42E-17
799.0777	2.30797	5.8E-24
800.66565	2.30755	-2.95E-17
802.2534	2.30714	1.47E-17
803.8412	2.30673	-2.3E-21
805.42883	2.30632	5.9E-19
807.0164	2.30591	-1.16E-23
808.6039	2.30551	-2.31E-21
810.1913	2.30511	0
811.7786	2.30472	2.32E-21
813.36584	2.30432	-1.52E-17
814.953	2.30394	5.83E-24
816.54004	2.30355	-5.84E-24
818.127	2.30317	-1.46E-17
819.71387	2.30279	1.45E-17
821.30066	2.30241	5.91E-19
822.8874	2.30204	1.45E-17
824.474	2.30167	-1.45E-17
826.06055	2.3013	-1.45E-17
827.647	2.30094	2.89E-17
829.2333	2.30057	1.45E-17
830.8195	2.30021	-1.44E-17
832.40564	2.29986	-1.5E-17
833.9918	2.29951	0
835.57776	2.29916	1.5E-17
837.1636	2.29881	-5.85E-24
838.7494	2.29846	-1.5E-17
840.3351	2.29812	-1.43E-17
841.9207	2.29778	-1.43E-17
843.5062	2.29745	-1.49E-17
845.0916	2.29711	-5.97E-19
846.67694	2.29678	1.49E-17
848.2622	2.29645	-2.33E-21
849.8473	2.29613	0
851.4323	2.2958	-5.98E-19
853.0173	2.29548	5.85E-24
854.6022	2.29516	-2.34E-21
856.1868	2.29485	5.86E-24
857.7715	2.29453	-1.48E-17
859.3561	2.29422	-2.34E-21
860.94055	2.29391	1.48E-17
862.5249	2.2936	-2.34E-21
864.1091	2.2933	-6.03E-19
865.69324	2.293	-1.41E-17
867.27734	2.2927	-5.88E-24
868.8613	2.2924	-1.47E-17
870.4451	2.29211	-5.88E-24
872.02893	2.29181	-5.88E-24
873.6126	2.29152	2.35E-21
875.1961	2.29123	1.4E-17
876.7796	2.29095	-1.46E-17
878.3629	2.29066	1.4E-17
879.94617	2.29038	-1.46E-17
881.5293	2.2901	-2.85E-17
883.1123	2.28982	-6.05E-19
884.6953	2.28955	6.05E-19
886.27814	2.28927	-1.39E-17
887.86084	2.289	1.39E-17
889.4435	2.28873	-2.36E-21
891.026	2.28847	0
892.6084	2.2882	-1.45E-17
894.19073	2.28794	5.89E-24
895.77295	2.28767	-5.9E-24
897.3551	2.28741	1.44E-17
898.937	2.28716	-6.1E-19
900.5189	2.2869	-1.38E-17
902.1007	2.28665	-1.38E-17
903.6823	2.28639	1.23E-26
905.264	2.28614	-5.91E-24
906.8454	2.2859	-1.37E-17
908.42676	2.28565	-6.1E-19
910.00793	2.2854	0
911.58905	2.28516	2.37E-21
913.1701	2.28492	-2.36E-21
914.751	2.28468	1.37E-17
916.3317	2.28444	0
917.9125	2.28421	-1.3E-17
919.49304	2.28397	0
921.07355	2.28374	-6.12E-19
922.6538	2.28351	-1.36E-17
924.2341	2.28328	2.36E-21
925.81415	2.28305	0
927.3942	2.28283	2.36E-21
928.9741	2.2826	-5.93E-24
930.5539	2.28238	1.35E-17
932.1335	2.28216	-1.35E-17
933.7131	2.28194	-5.93E-24
935.2925	2.28172	-6.15E-19
936.8719	2.2815	2.38E-21
938.45105	2.28129	0
940.0301	2.28108	-1.28E-17
941.6091	2.28086	-1.23E-26
943.188	2.28065	-2.37E-21
944.7667	2.28044	-1.34E-17
946.34534	2.28024	1.34E-17
947.9238	2.28003	-5.94E-24
949.50214	2.27983	2.37E-21
951.08044	2.27962	1.34E-17
952.65857	2.27942	0
954.23663	2.27922	-1.33E-17
955.8146	2.27902	-2.39E-21
957.3923	2.27883	-6.19E-19
958.9699	2.27863	6.21E-19
960.5475	2.27844	1.33E-17
962.1249	2.27824	-5.94E-24
963.7023	2.27805	-2.38E-21
965.2794	2.27786	-2.39E-21
966.85645	2.27767	-1.32E-17
968.4334	2.27749	2.38E-21
970.01013	2.2773	-1.26E-17
971.5868	2.27711	-6.21E-19
973.1634	2.27693	-2.38E-21
974.73987	2.27675	-2.38E-21
976.3161	2.27657	6.22E-19
977.8923	2.27639	0
979.4684	2.27621	-5.96E-24
981.0443	2.27603	-6.23E-19
982.6201	2.27586	-6.25E-19
984.1958	2.27568	0
985.77136	2.27551	6.28E-19
987.3468	2.27534	-5.98E-24
988.92206	2.27516	1.31E-17
990.49725	2.27499	1.3E-17
992.07227	2.27482	-2.39E-21
993.64716	2.27466	-6.27E-19
995.222	2.27449	1.36E-17
996.7967	2.27433	2.4E-21
998.3712	2.27416	1.3E-17
999.9455	2.274	2.4E-21
1011.69275	2.27282	1.29E-17
1015.112	2.27249	-1.29E-17
1018.53125	2.27216	2.4E-21
1021.9505	2.27184	1.28E-17
1025.3698	2.27152	5.99E-24
1028.789	2.27121	6.32E-19
1032.2083	2.2709	-1.27E-17
1035.6274	2.27059	1.33E-17
1039.0466	2.2703	-1.33E-17
1042.466	2.27	-6.34E-19
1045.8853	2.26971	-6E-24
1049.3044	2.26942	2.41E-21
1052.7238	2.26914	6E-24
1056.1431	2.26887	-1.32E-17
1059.5623	2.26859	1.25E-17
1062.9817	2.26832	-1.25E-17
1066.401	2.26806	-1.25E-17
1069.8203	2.2678	-6E-24
1073.2396	2.26754	-2.41E-21
1076.6589	2.26729	0
1080.0784	2.26704	-1.24E-17
1083.4978	2.26679	1.24E-17
1086.9172	2.26655	6.03E-24
1090.3368	2.26631	2.42E-21
1093.7562	2.26608	-1.23E-17
1097.1758	2.26585	2.43E-21
1100.5955	2.26562	1.23E-17
1104.015	2.2654	-6.42E-19
1107.4347	2.26517	-6.04E-24
1110.8542	2.26496	-2.43E-21
1114.274	2.26474	0
1117.6937	2.26453	-6.04E-24
1121.1135	2.26433	1.21E-17
1124.5334	2.26412	-6.45E-19
1127.9534	2.26392	-6.43E-19
1131.3733	2.26372	-1.21E-17
1134.7932	2.26353	0
1138.2133	2.26334	-1.14E-17
1141.6334	2.26315	-1.2E-17
1145.0535	2.26296	-1.26E-17
1148.4738	2.26278	-1.26E-17
1151.894	2.2626	0
1155.3143	2.26242	6.04E-24
1158.7347	2.26225	-6.46E-19
1162.1552	2.26208	1.19E-17
1165.5757	2.26191	-1.19E-17
1168.9963	2.26175	-2.44E-21
1172.4169	2.26158	-1.18E-17
1175.8376	2.26142	1.18E-17
1179.2584	2.26126	-1.18E-17
1182.6793	2.26111	-6.07E-24
1186.1002	2.26096	-1.17E-17
1189.5212	2.26081	2.44E-21
1192.9423	2.26066	0
1196.3635	2.26052	0
1199.7848	2.26037	1.24E-26
1203.206	2.26023	-6.51E-19
1206.6276	2.2601	-6.07E-24
1210.0491	2.25996	1.16E-17
1213.4706	2.25983	1.22E-17
1216.8923	2.2597	2.46E-21
1220.3141	2.25957	-1.15E-17
1223.736	2.25944	-1.15E-17
1227.158	2.25932	-2.46E-21
1230.58	2.2592	-1.15E-17
1234.0022	2.25908	-6.56E-19
1237.4244	2.25896	1.15E-17
1240.8468	2.25885	1.24E-26
1244.2693	2.25874	1.21E-17
1247.6918	2.25863	-1.24E-26
1251.1145	2.25852	-1.14E-17
1254.5374	2.25841	-2.46E-21
1257.9602	2.25831	6.58E-19
1261.3832	2.2582	6.1E-24
1264.8064	2.2581	6.09E-24
1268.2296	2.25801	1.2E-17
1271.653	2.25791	2.46E-21
1275.0764	2.25781	-1.13E-17
1278.5	2.25772	6.58E-19
1281.9237	2.25763	-6.1E-24
1285.3475	2.25754	1.12E-17
1288.7715	2.25746	-1.24E-26
1292.1956	2.25737	-1.22E-23
1295.6199	2.25729	1.12E-17
1299.0442	2.25721	-1.18E-17
1302.4686	2.25713	-6.11E-24
1305.8933	2.25705	-2.47E-21
1309.3181	2.25697	1.17E-17
1312.7429	2.2569	1.11E-17
1316.168	2.25683	0
1319.5931	2.25676	2.47E-21
1323.0184	2.25669	2.47E-21
1326.444	2.25662	6.64E-19
1329.8695	2.25655	0
1333.2953	2.25649	-1.22E-23
1336.7212	2.25643	-1.1E-17
1340.1472	2.25637	6.68E-19
1343.5735	2.25631	0
1346.9999	2.25625	-6.66E-19
1350.4264	2.25619	-1.09E-17
1353.853	2.25614	6.64E-19
1357.2799	2.25609	2.48E-21
1360.7068	2.25603	-1.15E-17
1364.134	2.25598	1.24E-26
1367.5613	2.25594	-1.08E-17
1370.9889	2.25589	-4.96E-21
1374.4165	2.25584	-6.65E-19
1377.8444	2.2558	-6.65E-19
1381.2723	2.25576	-2.49E-21
1384.7004	2.25572	2.15E-17
1388.1289	2.25568	-6.13E-24
1391.5574	2.25564	-1.07E-17
1394.9861	2.2556	-1.07E-17
1398.4149	2.25556	-1.13E-17
1401.844	2.25553	-1.13E-17
1405.2732	2.2555	-1.24E-26
1408.7028	2.25547	-1.06E-17
1412.1323	2.25544	2.48E-21
1415.5621	2.25541	1.06E-17
1418.9921	2.25538	6.71E-19
1422.4222	2.25535	-1.06E-17
1425.8527	2.25533	0
1429.2832	2.2553	-1.12E-17
1432.7141	2.25528	1.24E-26
1436.145	2.25526	0
1439.5762	2.25524	0
1443.0076	2.25522	-6.13E-24
1446.4391	2.25521	-1.05E-17
1449.8708	2.25519	-1.05E-17
1453.3029	2.25517	-2.49E-21
1456.7351	2.25516	-2.5E-21
1460.1675	2.25515	9.73E-18
1463.6001	2.25514	-6.13E-24
1467.033	2.25513	-6.71E-19
1470.466	2.25512	-6.12E-24
1473.8992	2.25511	-2.49E-21
1477.3328	2.2551	1.03E-17
1480.7664	2.2551	6.75E-19
1484.2003	2.25509	2.49E-21
1487.6345	2.25509	6.13E-24
1491.0688	2.25509	-1.03E-17
1494.5034	2.25509	1.03E-17
1497.9382	2.25509	6.13E-24
